version: 1.0
degree: 3
knots: -0.2 -0.133333 -0.0666667 -5.55112e-17 0.0666667 0.133333 0.2 0.266667 0.333333 0.4 0.466667 0.533333 0.6 0.666667 0.733333 0.8 0.866667 0.933333 1 1.06667 1.13333 1.2 
x: -0.0583596 -0.283912 -0.335962 -0.255521 -0.416404 -0.340694 -0.181388 0.0520505 0.222397 0.38959 0.452681 0.452681 0.405363 0.31388 0.146688 -0.0583596 -0.283912 -0.342271 
y: 0.586498 0.516878 0.316456 0.0527427 -0.21097 -0.400844 -0.489451 -0.518987 -0.455696 -0.257384 -0.0253165 0.160338 0.35865 0.510549 0.590717 0.586498 0.516878 0.320676 
t0: 0
t1: 1
