version: 1.0
degree: 3
knots: -0.2 -0.133333 -0.0666667 -5.55112e-17 0.0666667 0.133333 0.2 0.266667 0.333333 0.4 0.466667 0.533333 0.6 0.666667 0.733333 0.8 0.866667 0.933333 1 1.06667 1.13333 1.2 
x: -0.0268139 -0.283912 -0.231861 -0.400631 -0.416404 -0.252366 -0.0867508 0.0520505 0.222397 0.38959 0.452681 0.260252 0.405363 0.31388 0.146688 -0.0268139 -0.283912 -0.241325 
y: 0.493671 0.516878 0.312237 0.0780591 -0.21097 -0.329114 -0.299578 -0.518987 -0.455696 -0.257384 -0.0253165 0.126583 0.35865 0.510549 0.590717 0.49789 0.516878 0.316456 
t0: 0
t1: 1
