version: 1.0
degree: 3
knots: -0.2 -0.133333 -0.0666667 -5.55112e-17 0.0666667 0.133333 0.2 0.266667 0.333333 0.4 0.466667 0.533333 0.6 0.666667 0.733333 0.8 0.866667 0.933333 1 1.06667 1.13333 1.2 
x: -0.0268139 -0.283912 -0.332807 -0.41325 -0.388013 -0.315457 -0.194006 -0.00473183 0.171924 0.235016 0.0962141 0.326498 0.405363 0.269716 0.146688 -0.0268139 -0.283912 -0.329653 
y: 0.624473 0.516878 0.396625 0.225738 -0.109704 -0.316456 -0.42616 -0.472573 -0.455696 -0.172996 0.0506329 0.236287 0.35865 0.518988 0.590717 0.616034 0.516878 0.392406 
t0: 0
t1: 1
