version: 1.0
degree: 3
knots: -0.2 -0.133333 -0.0666667 -5.55112e-17 0.0666667 0.133333 0.2 0.266667 0.333333 0.4 0.466667 0.533333 0.6 0.666667 0.733333 0.8 0.866667 0.933333 1 1.06667 1.13333 1.2 
x: -0.033123 -0.283912 -0.282334 -0.198739 -0.271294 -0.14511 -0.0867508 0.0520505 0.140378 0.38959 0.452681 0.260252 0.405363 0.269716 0.146688 -0.033123 -0.283912 -0.260252 
y: 0.578059 0.516878 0.341773 0.124473 -0.185654 -0.240506 -0.299578 -0.518987 -0.329114 -0.257384 -0.0253165 0.126583 0.35865 0.518988 0.590717 0.57384 0.516878 0.337553 
t0: 0
t1: 1
