version: 1.0
degree: 3
knots: -0.2 -0.133333 -0.0666667 -5.55112e-17 0.0666667 0.133333 0.2 0.266667 0.333333 0.4 0.466667 0.533333 0.6 0.666667 0.733333 0.8 0.866667 0.933333 1 1.06667 1.13333 1.2 
x: 0.00157731 -0.283912 -0.282334 -0.305994 -0.271294 -0.14511 -0.0867508 0.0741325 0.140378 0.269716 0.452681 0.411672 0.405363 0.269716 0.146688 0.00157731 -0.283912 -0.260252 
y: 0.489452 0.516878 0.341773 0.111814 -0.185654 -0.240506 -0.299578 -0.400844 -0.329114 -0.164557 -0.0253165 0.177216 0.35865 0.518988 0.590717 0.493671 0.516878 0.337553 
t0: 0
t1: 1
