version: 1.0
degree: 3
knots: -0.2 -0.133333 -0.0666667 -5.55112e-17 0.0666667 0.133333 0.2 0.266667 0.333333 0.4 0.466667 0.533333 0.6 0.666667 0.733333 0.8 0.866667 0.933333 1 1.06667 1.13333 1.2 
x: -0.102524 -0.246057 -0.367508 -0.359622 -0.362776 -0.280757 -0.212934 -0.00473183 0.171924 0.31388 0.5 0.477918 0.405363 0.266561 0.146688 -0.0930599 -0.246057 -0.364353 
y: 0.662447 0.588608 0.400844 0.137131 -0.0717295 -0.227848 -0.400843 -0.472573 -0.455696 -0.345992 -0.122363 0.270043 0.35865 0.607595 0.590717 0.649789 0.584389 0.400844 
t0: 0
t1: 1
